url_path,views_total,views_unique
/jodithea/SNP_harmoniser_GRCh37_GRCh38,25,4
/jodithea/SNP_harmoniser_GRCh37_GRCh38/blob/main/Example_script_match_GWAS_sumstats_to_dbSNP_ref_file.sh,5,5
/jodithea/SNP_harmoniser_GRCh37_GRCh38/tree/main,5,2
/jodithea/SNP_harmoniser_GRCh37_GRCh38/blob/main/README.md,1,1
/jodithea/SNP_harmoniser_GRCh37_GRCh38/commit/bee9b8ebb61642cc2429d89766c45ec796751c12,1,1
/jodithea/SNP_harmoniser_GRCh37_GRCh38/commits/main,1,1
/jodithea/SNP_harmoniser_GRCh37_GRCh38/tree/main/dbSNP155_GRCh37.p13,1,1
/jodithea/SNP_harmoniser_GRCh37_GRCh38/tree/main/dbSNP155_GRCh37.p13_vs_dbSNP155_GRCh38.p13,1,1
/jodithea/SNP_harmoniser_GRCh37_GRCh38/tree/main/dbSNP155_GRCh38.p13,1,1
