url_path,views_total,views_unique
/jodithea/Sex_differences_genetics_depression,4,3
/jodithea/Sex_differences_genetics_depression/blob/main/03_Meta-analysis/Females/02_QC_format_metal_results.sh,1,1
/jodithea/Sex_differences_genetics_depression/blob/main/03_Meta-analysis/Males/02_QC_format_metal_results.sh,1,1
/jodithea/Sex_differences_genetics_depression/blob/main/04_Clumping/01_SNP_list.txt,1,1
/jodithea/Sex_differences_genetics_depression/blob/main/04_Clumping/02_Clumping_female_Xchr.sh,1,1
/jodithea/Sex_differences_genetics_depression/blob/main/09_Mixer/01_munge_allSNPs.pbs,1,1
/jodithea/Sex_differences_genetics_depression/blob/main/09_Mixer/02_mixer_fit1.pbs,1,1
/jodithea/Sex_differences_genetics_depression/blob/main/09_Mixer/03_mixer_test1.pbs,1,1
/jodithea/Sex_differences_genetics_depression/blob/main/09_Mixer/04_mixer_combine.pbs,1,1
/jodithea/Sex_differences_genetics_depression/blob/main/09_Mixer/07_mixer_results.pbs,1,1
